{
 "cells": [
  {
   "cell_type": "markdown",
   "metadata": {},
   "source": [
    "# Functions"
   ]
  },
  {
   "cell_type": "code",
   "execution_count": 69,
   "metadata": {},
   "outputs": [
    {
     "name": "stdout",
     "output_type": "stream",
     "text": [
      "----------------------------------------\n",
      "loaded variables from initialization file: \n",
      "> myparams, myconfiguration_file\n",
      "> list_picked_id_source, list_picked_id_target\n",
      "> data_folder\n",
      "----------------------------------------\n",
      "The autoreload extension is already loaded. To reload it, use:\n",
      "  %reload_ext autoreload\n"
     ]
    }
   ],
   "source": [
    "%run \"initialization.ipynb\"\n",
    "%run \"Input_selection_functions.ipynb\"\n",
    "%run \"Downsampling_and_outliers_functions.ipynb\"\n",
    "%run \"Stitching_clean.ipynb\"\n",
    "%run \"Visualization_functions.ipynb\"\n",
    "%run \"Evaluation_functions.ipynb\"\n",
    "\n",
    "%load_ext autoreload"
   ]
  },
  {
   "cell_type": "markdown",
   "metadata": {},
   "source": [
    "### just some handpicked visualization settings for this page\n",
    "\n",
    "they are fed in \"custom_draw_geometry\" as for params, ad myconfiguration. \n",
    "if you dont want to use them just comment these lines out."
   ]
  },
  {
   "cell_type": "code",
   "execution_count": 3,
   "metadata": {},
   "outputs": [
    {
     "name": "stdout",
     "output_type": "stream",
     "text": [
      "loaded visualization options\n",
      "- ../data/2StitchScreenCamera.json \n",
      "- ../data/2StitchRenderOption.json\n"
     ]
    }
   ],
   "source": [
    "specific_screen, specific_render = specific_visualization_parameters(\"2Stitch\")"
   ]
  },
  {
   "cell_type": "markdown",
   "metadata": {},
   "source": [
    "## Loading and sorting .ply sequences"
   ]
  },
  {
   "cell_type": "code",
   "execution_count": 4,
   "metadata": {},
   "outputs": [
    {
     "name": "stdout",
     "output_type": "stream",
     "text": [
      "default set:\n",
      "-imgfolder, contains 30 images \n",
      "-plyfolder_1, contains 30 ply  \n",
      "['imgfolder', 'plyfolder_1']\n",
      "found labels file: \n",
      "['External', 'Internal', 'Upper']\n"
     ]
    }
   ],
   "source": [
    "# default\n",
    "all_paths_images,all_paths_ply, num_images,labels,img_folder,ply_folder,all_images,all_ply = load_input(data_folder)"
   ]
  },
  {
   "cell_type": "code",
   "execution_count": 5,
   "metadata": {},
   "outputs": [
    {
     "data": {
      "text/plain": [
       "['External', 'Internal', 'Upper']"
      ]
     },
     "execution_count": 5,
     "metadata": {},
     "output_type": "execute_result"
    }
   ],
   "source": [
    "labels"
   ]
  },
  {
   "cell_type": "code",
   "execution_count": 4,
   "metadata": {},
   "outputs": [],
   "source": [
    "## uncomment following line to select different ply and img folders as input\n",
    "#all_paths_images,all_paths_ply,num_images,labels,img_folder,ply_folder,,all_images,all_ply = select_input_files(data_folder)"
   ]
  },
  {
   "cell_type": "markdown",
   "metadata": {},
   "source": [
    "Given the initial 10 teeth: \n",
    "- external im# Sort sequences appropriately\n",
    "\n",
    "In the first set of teeth we got 30 images in sequences of 10:\n",
    "- seq_1: external images are sorted as 0 to 9\n",
    "- seq_2: internal images are sorted as 9 to 0\n",
    "- seq_3: upper images are sorted as 0 to 9\n",
    "\n",
    "In the second set of teeth we got 20 images in sequences of 10:\n",
    "- seq_1: external images are sorted as 0 to 9\n",
    "- seq_2: internal images are sorted as 9 to 0\n",
    "\n",
    "The data is taken with a intradental camera which moves from one side to the other of the mounth, with small movements (2-5mm) which need to guarantee enough overlapping between the pictures/point clouds to allow proper reconstruction. \n",
    "\n",
    "From a quick look at the pictures we notice that we always need to reverse the order of the second sequence (seq_1) images and ply (done at the beginning of next notebook).\n",
    "ages are sorted as 0 to 9\n",
    "- internal images are sorted as 9 to 0\n",
    "- upper images are sorted as 0 to 9\n",
    "\n",
    "As in the introduction we reversed the second sequence of images here we do the same with the .ply files.\n"
   ]
  },
  {
   "cell_type": "code",
   "execution_count": 6,
   "metadata": {},
   "outputs": [],
   "source": [
    "num_ply_per_side = 10"
   ]
  },
  {
   "cell_type": "code",
   "execution_count": 7,
   "metadata": {},
   "outputs": [
    {
     "name": "stdout",
     "output_type": "stream",
     "text": [
      "Found 3 sequences of 10 images each\n",
      "Reversed order of sequence 1\n"
     ]
    }
   ],
   "source": [
    "# read all ply\n",
    "all_ply = [o3d.io.read_point_cloud(path) for path in all_paths_ply]\n",
    "\n",
    "# create sequences of the same lenght\n",
    "# eg\n",
    "# seq_0 = external \n",
    "# seq_1 = internal\n",
    "# seq_2 = upper\n",
    "\n",
    "list_sequences = list(chunks(all_ply, num_ply_per_side))\n",
    "lseq = len(list_sequences)\n",
    "print (f\"Found {lseq} sequences of {num_ply_per_side} images each\")\n",
    "for s in list(range(1, lseq, 2)):\n",
    "    ## reverse sequences 1,3,5...\n",
    "    print (f\"Reversed order of sequence {s}\")\n",
    "    list_sequences[s].reverse()\n",
    "    "
   ]
  },
  {
   "cell_type": "markdown",
   "metadata": {},
   "source": [
    "## Tooth by Tooth stitching "
   ]
  },
  {
   "cell_type": "code",
   "execution_count": 31,
   "metadata": {},
   "outputs": [
    {
     "name": "stdout",
     "output_type": "stream",
     "text": [
      "tooth_0_External_Upper\n",
      "\n",
      "outlier removal\n",
      "\n",
      "DOWNSAMPLING BIG CLOUDS\n",
      "\n",
      "External\n",
      "Processed External has 23083 points \n",
      "\n",
      "Upper\n",
      "Processed Upper has 20706 points \n",
      "\n",
      "DATA PREPARATION\n",
      "removing outliers\n",
      "value to reach:  14494.199999999999\n",
      "source has 23083 points\n",
      "target has 20706 points\n",
      "----------------------------------------------------------------------------------------------------\n",
      "ATTEMPT 1\n",
      "\n",
      "GLOBAL REGISTRATION: RANSAC registration on downsampled point clouds.\n",
      "RegistrationResult with fitness=2.019544e-02, inlier_rmse=1.778106e-01, and correspondence_set size of 62\n",
      "Access transformation to get result.\n",
      "Transformation is:\n",
      "[[ 9.91726344e-01  1.92019027e-02 -1.26925752e-01  6.47000741e+00]\n",
      " [-7.64649942e-02  8.82562256e-01 -4.63936385e-01  2.70695814e+01]\n",
      " [ 1.03111417e-01  4.69803312e-01  8.76728512e-01  8.71207571e+00]\n",
      " [ 0.00000000e+00  0.00000000e+00  0.00000000e+00  1.00000000e+00]]\n",
      "\n",
      "POINT-TO-PLANE ICP registration is applied on original point\n",
      "distance threshold 0.400.\n",
      "RegistrationResult with fitness=2.655201e-01, inlier_rmse=1.369481e-01, and correspondence_set size of 6129\n",
      "Access transformation to get result.\n",
      "Transformation is:\n",
      "[[ 0.98738371 -0.05054303 -0.15006268  6.91982182]\n",
      " [-0.04168559  0.83129072 -0.55427254 30.657571  ]\n",
      " [ 0.15276032  0.55353513  0.818696   11.86596488]\n",
      " [ 0.          0.          0.          1.        ]]\n",
      "Quality of the stitch needs improvment: True\n",
      "----------------------------------------------------------------------------------------------------\n",
      "ATTEMPT 2\n",
      "initial transformation is given: \n",
      "[[ 0.98738371 -0.05054303 -0.15006268  6.91982182]\n",
      " [-0.04168559  0.83129072 -0.55427254 30.657571  ]\n",
      " [ 0.15276032  0.55353513  0.818696   11.86596488]\n",
      " [ 0.          0.          0.          1.        ]]\n",
      "\n",
      "POINT-TO-PLANE ICP registration is applied on original point\n",
      "distance threshold 0.400.\n",
      "RegistrationResult with fitness=2.654334e-01, inlier_rmse=1.367905e-01, and correspondence_set size of 6127\n",
      "Access transformation to get result.\n",
      "Transformation is:\n",
      "[[ 0.98738398 -0.05054568 -0.15006     6.91974631]\n",
      " [-0.04167929  0.83130013 -0.5542589  30.65717189]\n",
      " [ 0.15276029  0.55352075  0.81870573 11.86556834]\n",
      " [ 0.          0.          0.          1.        ]]\n",
      "Quality of the stitch needs improvment: True\n",
      "----------------------------------------------------------------------------------------------------\n",
      "ATTEMPT 3\n",
      "initial transformation is given: \n",
      "[[ 0.98738398 -0.05054568 -0.15006     6.91974631]\n",
      " [-0.04167929  0.83130013 -0.5542589  30.65717189]\n",
      " [ 0.15276029  0.55352075  0.81870573 11.86556834]\n",
      " [ 0.          0.          0.          1.        ]]\n",
      "\n",
      "POINT-TO-PLANE ICP registration is applied on original point\n",
      "distance threshold 0.400.\n",
      "RegistrationResult with fitness=2.654768e-01, inlier_rmse=1.368628e-01, and correspondence_set size of 6128\n",
      "Access transformation to get result.\n",
      "Transformation is:\n",
      "[[ 0.9873859  -0.05056921 -0.15003945  6.91847132]\n",
      " [-0.04164776  0.83130178 -0.55425879 30.65696346]\n",
      " [ 0.15275649  0.55351612  0.81870957 11.86528769]\n",
      " [ 0.          0.          0.          1.        ]]\n",
      "Quality of the stitch needs improvment: True\n",
      "----------------------------------------------------------------------------------------------------\n",
      "ATTEMPT 4\n",
      "initial transformation is given: \n",
      "[[ 0.9873859  -0.05056921 -0.15003945  6.91847132]\n",
      " [-0.04164776  0.83130178 -0.55425879 30.65696346]\n",
      " [ 0.15275649  0.55351612  0.81870957 11.86528769]\n",
      " [ 0.          0.          0.          1.        ]]\n",
      "\n",
      "POINT-TO-PLANE ICP registration is applied on original point\n",
      "distance threshold 0.400.\n",
      "RegistrationResult with fitness=2.655201e-01, inlier_rmse=1.369481e-01, and correspondence_set size of 6129\n",
      "Access transformation to get result.\n",
      "Transformation is:\n",
      "[[ 0.98738371 -0.05054303 -0.15006268  6.91982182]\n",
      " [-0.04168559  0.83129072 -0.55427254 30.657571  ]\n",
      " [ 0.15276032  0.55353513  0.818696   11.86596488]\n",
      " [ 0.          0.          0.          1.        ]]\n",
      "Quality of the stitch needs improvment: True\n",
      "----------------------------------------------------------------------------------------------------\n",
      "ATTEMPT 5\n",
      "initial transformation is given: \n",
      "[[ 0.98738371 -0.05054303 -0.15006268  6.91982182]\n",
      " [-0.04168559  0.83129072 -0.55427254 30.657571  ]\n",
      " [ 0.15276032  0.55353513  0.818696   11.86596488]\n",
      " [ 0.          0.          0.          1.        ]]\n",
      "\n",
      "POINT-TO-PLANE ICP registration is applied on original point\n",
      "distance threshold 0.400.\n",
      "RegistrationResult with fitness=2.654334e-01, inlier_rmse=1.367905e-01, and correspondence_set size of 6127\n",
      "Access transformation to get result.\n",
      "Transformation is:\n",
      "[[ 0.98738398 -0.05054568 -0.15006     6.91974631]\n",
      " [-0.04167929  0.83130013 -0.5542589  30.65717189]\n",
      " [ 0.15276029  0.55352075  0.81870573 11.86556834]\n",
      " [ 0.          0.          0.          1.        ]]\n",
      "Quality of the stitch needs improvment: True\n",
      "----------------------------------------------------------------------------------------------------\n",
      "ATTEMPT 6\n",
      "initial transformation is given: \n",
      "[[ 0.98738398 -0.05054568 -0.15006     6.91974631]\n",
      " [-0.04167929  0.83130013 -0.5542589  30.65717189]\n",
      " [ 0.15276029  0.55352075  0.81870573 11.86556834]\n",
      " [ 0.          0.          0.          1.        ]]\n",
      "\n",
      "POINT-TO-PLANE ICP registration is applied on original point\n",
      "distance threshold 0.400.\n",
      "RegistrationResult with fitness=2.654768e-01, inlier_rmse=1.368628e-01, and correspondence_set size of 6128\n",
      "Access transformation to get result.\n",
      "Transformation is:\n",
      "[[ 0.9873859  -0.05056921 -0.15003945  6.91847132]\n",
      " [-0.04164776  0.83130178 -0.55425879 30.65696346]\n",
      " [ 0.15275649  0.55351612  0.81870957 11.86528769]\n",
      " [ 0.          0.          0.          1.        ]]\n",
      "Quality of the stitch needs improvment: True\n",
      "----------------------------------------------------------------------------------------------------\n",
      "ATTEMPT 7\n",
      "initial transformation is given: \n",
      "[[ 0.9873859  -0.05056921 -0.15003945  6.91847132]\n",
      " [-0.04164776  0.83130178 -0.55425879 30.65696346]\n",
      " [ 0.15275649  0.55351612  0.81870957 11.86528769]\n",
      " [ 0.          0.          0.          1.        ]]\n",
      "\n",
      "POINT-TO-PLANE ICP registration is applied on original point\n",
      "distance threshold 0.400.\n",
      "RegistrationResult with fitness=2.655201e-01, inlier_rmse=1.369481e-01, and correspondence_set size of 6129\n",
      "Access transformation to get result.\n",
      "Transformation is:\n",
      "[[ 0.98738371 -0.05054303 -0.15006268  6.91982182]\n",
      " [-0.04168559  0.83129072 -0.55427254 30.657571  ]\n",
      " [ 0.15276032  0.55353513  0.818696   11.86596488]\n",
      " [ 0.          0.          0.          1.        ]]\n",
      "Quality of the stitch needs improvment: True\n",
      "----------------------------------------------------------------------------------------------------\n",
      "ATTEMPT 8\n",
      "initial transformation is given: \n",
      "[[ 0.98738371 -0.05054303 -0.15006268  6.91982182]\n",
      " [-0.04168559  0.83129072 -0.55427254 30.657571  ]\n",
      " [ 0.15276032  0.55353513  0.818696   11.86596488]\n",
      " [ 0.          0.          0.          1.        ]]\n",
      "\n",
      "POINT-TO-PLANE ICP registration is applied on original point\n",
      "distance threshold 0.400.\n",
      "RegistrationResult with fitness=2.654334e-01, inlier_rmse=1.367905e-01, and correspondence_set size of 6127\n",
      "Access transformation to get result.\n",
      "Transformation is:\n",
      "[[ 0.98738398 -0.05054568 -0.15006     6.91974631]\n",
      " [-0.04167929  0.83130013 -0.5542589  30.65717189]\n",
      " [ 0.15276029  0.55352075  0.81870573 11.86556834]\n",
      " [ 0.          0.          0.          1.        ]]\n",
      "Quality of the stitch needs improvment: True\n",
      "----------------------------------------------------------------------------------------------------\n",
      "ATTEMPT 9\n",
      "initial transformation is given: \n",
      "[[ 0.98738398 -0.05054568 -0.15006     6.91974631]\n",
      " [-0.04167929  0.83130013 -0.5542589  30.65717189]\n",
      " [ 0.15276029  0.55352075  0.81870573 11.86556834]\n",
      " [ 0.          0.          0.          1.        ]]\n",
      "\n",
      "POINT-TO-PLANE ICP registration is applied on original point\n",
      "distance threshold 0.400.\n",
      "RegistrationResult with fitness=2.654768e-01, inlier_rmse=1.368628e-01, and correspondence_set size of 6128\n",
      "Access transformation to get result.\n",
      "Transformation is:\n",
      "[[ 0.9873859  -0.05056921 -0.15003945  6.91847132]\n",
      " [-0.04164776  0.83130178 -0.55425879 30.65696346]\n",
      " [ 0.15275649  0.55351612  0.81870957 11.86528769]\n",
      " [ 0.          0.          0.          1.        ]]\n",
      "Quality of the stitch needs improvment: True\n",
      "----------------------------------------------------------------------------------------------------\n",
      "ATTEMPT 10\n",
      "initial transformation is given: \n",
      "[[ 0.9873859  -0.05056921 -0.15003945  6.91847132]\n",
      " [-0.04164776  0.83130178 -0.55425879 30.65696346]\n",
      " [ 0.15275649  0.55351612  0.81870957 11.86528769]\n",
      " [ 0.          0.          0.          1.        ]]\n",
      "\n",
      "POINT-TO-PLANE ICP registration is applied on original point\n",
      "distance threshold 0.400.\n",
      "RegistrationResult with fitness=2.655201e-01, inlier_rmse=1.369481e-01, and correspondence_set size of 6129\n",
      "Access transformation to get result.\n",
      "Transformation is:\n",
      "[[ 0.98738371 -0.05054303 -0.15006268  6.91982182]\n",
      " [-0.04168559  0.83129072 -0.55427254 30.657571  ]\n",
      " [ 0.15276032  0.55353513  0.818696   11.86596488]\n",
      " [ 0.          0.          0.          1.        ]]\n",
      "Quality of the stitch needs improvment: True\n"
     ]
    }
   ],
   "source": [
    "t = 0 # tooth we want to reconstruct\n",
    "i = 0 # 0=external , 1= internal\n",
    "j = 2 # 2 =upper\n",
    "source = list_sequences[i][t]\n",
    "target = list_sequences[j][t]\n",
    "mytitle = \"tooth_%s_%s_%s\"%(t,labels[i],labels[j])\n",
    "\n",
    "new_source, new_target, newpointcloud ,all_results = stitching_new(\n",
    "                                                                    #input \n",
    "                                                                    source = source, \n",
    "                                                                    target = target, \n",
    "                                                                    labels= [\"%s\"%labels[i],\"%s\"%labels[j]],\n",
    "                                                                    mytitle = mytitle,\n",
    "        \n",
    "                                                                    # cleaning up before stitching        \n",
    "                                                                    add_outlier_removal = True,\n",
    "\n",
    "                                                                    #downsampling \n",
    "                                                                    downsampling_voxel_size = 0.1,\n",
    "                                                                    limit_size_point_cloud = 30000,\n",
    "\n",
    "                                                                    #registration\n",
    "                                                                    voxel_size = 0.2, # with 0.1 doesnt work, with 0.3 takes longer\n",
    "                                                                    mmax_iteration = 10**6,\n",
    "                                                                    mmax_validation = 0.7, #with 0.5 takes longer\n",
    "\n",
    "                                                                    # quality control of the stitching\n",
    "                                                                    myoverlapping_factor = 0.70, # heuristic\n",
    "                                                                    maxnumattempts = 10, # the default is 30\n",
    "\n",
    "                                                                    # visualization and pringtng parameters\n",
    "                                                                    trans_init = None, # keep the possibility of starting directly the ICP\n",
    "                                                                    print_statements = True,\n",
    "                                                                    save_statements = False,\n",
    "                                                                    visualization_on = False,\n",
    "                                                                    final_vis_on = False,\n",
    "                                                                    params = myparams,  \n",
    "                                                                    configuration_file = myconfiguration_file\n",
    "                                                                 )\n",
    "\n"
   ]
  },
  {
   "cell_type": "code",
   "execution_count": 26,
   "metadata": {},
   "outputs": [],
   "source": [
    "custom_draw_geometry(newpointcloud,\n",
    "                     mytitle = mytitle,\n",
    "                     params = specific_screen,  # parameter for camera point view, json file via pressing P\n",
    "                     configuration_file = specific_render, # configuration file for properties, json file via pressing o\n",
    "                     take_screen_shot = True,\n",
    "                     rotate = False)"
   ]
  },
  {
   "cell_type": "code",
   "execution_count": 27,
   "metadata": {},
   "outputs": [
    {
     "data": {
